N = 320
L = 70.898154
gamma = 1.000000
T = 1.000000
m = 0.010000
N1 = 0
kappa1 = 0.000000
kappa2 = 0.000000
sigma = 1.000000
sigmaCO = 1.010000
epsilon = 100.000000
alpha = 18.000000
seed = 123456789
rVerlet = 1.500000
dt = 0.000010
equilibrationTime = 10.000000
sampleTime = 1.000000
totalTime = 2000.000000
